WACOM CTH-460 HID DUMP
Date: 2026-03-22 21:48:00
Interface index: 3
usage_page=0x0001 usage=0x0001 iface_num=0
path=b'DevSrvsID:4294976518'


============================================================
TEST: IDLE
Instruction: NON toccare niente. Mani lontane dal tablet.
============================================================
--- Captured 0 reports ---

============================================================
TEST: TOUCH - alto sinistra
Instruction: Tocca e TIENI il dito in ALTO A SINISTRA.
============================================================
  [3] t= 0.000 len= 4 | 01 00 00 00
  [3] t= 0.000 len= 4 | 01 00 00 00
  [3] t= 0.000 len= 4 | 01 00 00 00
  [3] t= 0.000 len= 4 | 01 00 00 00
  [3] t= 0.000 len= 4 | 01 00 00 00
  [3] t= 0.000 len= 4 | 01 00 00 00
  [3] t= 0.000 len= 4 | 01 00 00 00
  [3] t= 0.000 len= 4 | 01 00 00 00
  [3] t= 0.000 len= 4 | 01 00 00 00
  [3] t= 0.000 len= 4 | 01 00 00 00
  [3] t= 0.000 len= 4 | 01 00 00 00
  [3] t= 0.000 len= 4 | 01 00 00 00
  [3] t= 0.000 len= 4 | 01 00 00 00
  [3] t= 0.000 len= 4 | 01 00 00 00
  [3] t= 0.000 len= 4 | 01 00 00 00
  [3] t= 0.000 len= 4 | 01 00 00 00
  [3] t= 0.000 len= 4 | 01 00 00 00
  [3] t= 0.000 len= 4 | 01 00 00 00
  [3] t= 0.000 len= 4 | 01 00 00 00
  [3] t= 0.000 len= 4 | 01 00 00 00
  [3] t= 0.000 len= 4 | 01 00 00 00
  [3] t= 0.000 len= 4 | 01 00 00 00
  [3] t= 0.000 len= 4 | 01 00 00 00
  [3] t= 0.000 len= 4 | 01 00 00 00
  [3] t= 0.000 len= 4 | 01 00 00 00
  [3] t= 0.000 len= 4 | 01 00 00 00
  [3] t= 0.000 len= 4 | 01 00 00 00
  [3] t= 0.000 len= 4 | 01 00 00 00
  [3] t= 0.000 len= 4 | 01 00 00 00
  [3] t= 0.000 len= 4 | 01 00 00 00
  [3] t= 0.000 len= 4 | 01 00 00 00
  [3] t= 0.000 len= 4 | 01 00 00 00
  [3] t= 0.011 len= 4 | 01 00 00 00
  [3] t= 0.035 len= 4 | 01 00 00 00
  [3] t= 0.051 len= 4 | 01 00 00 00
  [3] t= 0.075 len= 4 | 01 00 00 00
  [3] t= 0.091 len= 4 | 01 00 00 00
  [3] t= 0.115 len= 4 | 01 00 00 00
  [3] t= 0.131 len= 4 | 01 00 00 00
  [3] t= 0.158 len= 4 | 01 00 00 00
  [3] t= 0.177 len= 4 | 01 00 00 00
  [3] t= 0.194 len= 4 | 01 00 00 00
  [3] t= 0.213 len= 4 | 01 00 00 00
  [3] t= 0.239 len= 4 | 01 00 00 00
  [3] t= 0.252 len= 4 | 01 00 00 00
  [3] t= 0.274 len= 4 | 01 00 00 00
  [3] t= 0.287 len= 4 | 01 00 00 00
  [3] t= 0.307 len= 4 | 01 00 00 00
  [3] t= 0.327 len= 4 | 01 00 00 00
  [3] t= 0.347 len= 4 | 01 00 00 00
  [3] t= 0.363 len= 4 | 01 00 00 00
  [3] t= 0.388 len= 4 | 01 00 00 00
  [3] t= 0.417 len= 4 | 01 00 00 00
  [3] t= 0.432 len= 4 | 01 00 00 00
  [3] t= 0.448 len= 4 | 01 00 00 00
  [3] t= 0.477 len= 4 | 01 00 00 00
  [3] t= 0.490 len= 4 | 01 00 00 00
  [3] t= 0.519 len= 4 | 01 00 00 00
  [3] t= 0.523 len= 4 | 01 00 00 00
  [3] t= 0.543 len= 4 | 01 00 00 00
  [3] t= 0.559 len= 4 | 01 00 00 00
  [3] t= 0.583 len= 4 | 01 00 00 00
  [3] t= 0.599 len= 4 | 01 00 00 00
  [3] t= 0.623 len= 4 | 01 00 00 00
  [3] t= 0.639 len= 4 | 01 00 00 00
  [3] t= 0.665 len= 4 | 01 00 00 00
  [3] t= 0.690 len= 4 | 01 00 00 00
  [3] t= 0.702 len= 4 | 01 00 00 00
  [3] t= 0.723 len= 4 | 01 00 00 00
  [3] t= 0.745 len= 4 | 01 00 00 00
  [3] t= 0.760 len= 4 | 01 00 00 00
  [3] t= 0.779 len= 4 | 01 00 00 00
  [3] t= 0.795 len= 4 | 01 00 00 00
  [3] t= 0.815 len= 4 | 01 00 00 00
  [3] t= 0.835 len= 4 | 01 00 00 00
  [3] t= 0.855 len= 4 | 01 00 00 00
  [3] t= 0.871 len= 4 | 01 00 00 00
  [3] t= 0.895 len= 4 | 01 00 00 00
  [3] t= 0.921 len= 4 | 01 00 00 00
  [3] t= 0.945 len= 4 | 01 00 00 00
  [3] t= 0.957 len= 4 | 01 00 00 00
  [3] t= 0.978 len= 4 | 01 00 00 00
  [3] t= 0.997 len= 4 | 01 00 00 00
  [3] t= 1.020 len= 4 | 01 00 00 00
  [3] t= 1.027 len= 4 | 01 00 00 00
  [3] t= 1.052 len= 4 | 01 00 00 00
  [3] t= 1.067 len= 4 | 01 00 00 00
  [3] t= 1.091 len= 4 | 01 00 00 00
  [3] t= 1.107 len= 4 | 01 00 00 00
  [3] t= 1.127 len= 4 | 01 00 00 00
  [3] t= 1.147 len= 4 | 01 00 00 00
  [3] t= 1.173 len= 4 | 01 00 00 00
  [3] t= 1.190 len= 4 | 01 00 00 00
  [3] t= 1.214 len= 4 | 01 00 00 00
  [3] t= 1.229 len= 4 | 01 00 00 00
  [3] t= 1.250 len= 4 | 01 00 00 00
  [3] t= 1.275 len= 4 | 01 00 00 FC
  [3] t= 1.287 len= 4 | 01 00 00 00
  [3] t= 1.303 len= 4 | 01 00 00 03
  [3] t= 1.323 len= 4 | 01 00 00 00
  [3] t= 1.343 len= 4 | 01 00 00 00
  [3] t= 1.363 len= 4 | 01 00 00 00
  [3] t= 1.379 len= 4 | 01 00 00 00
  [3] t= 1.403 len= 4 | 01 00 00 00
  [3] t= 1.419 len= 4 | 01 00 00 00
  [3] t= 1.443 len= 4 | 01 00 00 00
  [3] t= 1.460 len= 4 | 01 00 00 00
  [3] t= 1.483 len= 4 | 01 00 00 00
  [3] t= 1.502 len= 4 | 01 00 00 00
  [3] t= 1.519 len= 4 | 01 00 00 00
  [3] t= 1.553 len= 4 | 01 00 00 00
  [3] t= 1.569 len= 4 | 01 00 00 00
  [3] t= 1.585 len= 4 | 01 00 00 00
  [3] t= 1.603 len= 4 | 01 00 00 00
  [3] t= 1.618 len= 4 | 01 00 00 00
  [3] t= 1.649 len= 4 | 01 00 00 00
  [3] t= 1.662 len= 4 | 01 00 00 00
  [3] t= 1.678 len= 4 | 01 00 00 00
  [3] t= 1.700 len= 4 | 01 00 00 00
  [3] t= 1.725 len= 4 | 01 00 00 00
  [3] t= 1.741 len= 4 | 01 00 00 00
  [3] t= 1.761 len= 4 | 01 00 00 00
  [3] t= 1.775 len= 4 | 01 00 00 00
  [3] t= 1.795 len= 4 | 01 00 00 00
  [3] t= 1.811 len= 4 | 01 00 00 00
  [3] t= 1.831 len= 4 | 01 00 00 00
  [3] t= 1.851 len= 4 | 01 00 00 00
  [3] t= 1.871 len= 4 | 01 00 00 00
  [3] t= 1.887 len= 4 | 01 00 00 00
  [3] t= 1.915 len= 4 | 01 00 00 00
  [3] t= 1.939 len= 4 | 01 00 00 00
  [3] t= 1.952 len= 4 | 01 00 00 00
  [3] t= 1.993 len= 4 | 01 00 00 00
  [3] t= 1.998 len= 4 | 01 00 00 00
  [3] t= 2.011 len= 4 | 01 00 00 00
  [3] t= 2.027 len= 4 | 01 00 00 00
  [3] t= 2.043 len= 4 | 01 00 00 00
  [3] t= 2.067 len= 4 | 01 00 00 00
  [3] t= 2.083 len= 4 | 01 00 00 00
  [3] t= 2.107 len= 4 | 01 00 00 00
  [3] t= 2.123 len= 4 | 01 00 00 00
  [3] t= 2.143 len= 4 | 01 00 00 00
  [3] t= 2.174 len= 4 | 01 00 00 00
  [3] t= 2.186 len= 4 | 01 00 00 00
  [3] t= 2.201 len= 4 | 01 00 00 00
  [3] t= 2.225 len= 4 | 01 00 00 00
  [3] t= 2.241 len= 4 | 01 00 00 00
  [3] t= 2.274 len= 4 | 01 00 00 00
  [3] t= 2.280 len= 4 | 01 00 00 00
  [3] t= 2.299 len= 4 | 01 00 00 00
  [3] t= 2.319 len= 4 | 01 00 00 00
  [3] t= 2.339 len= 4 | 01 00 00 00
  [3] t= 2.355 len= 4 | 01 00 00 00
  [3] t= 2.379 len= 4 | 01 00 00 00
  [3] t= 2.395 len= 4 | 01 00 00 00
  [3] t= 2.421 len= 4 | 01 00 00 00
  [3] t= 2.436 len= 4 | 01 00 00 00
  [3] t= 2.468 len= 4 | 01 00 00 00
  [3] t= 2.481 len= 4 | 01 00 00 00
  [3] t= 2.510 len= 4 | 01 00 00 00
  [3] t= 2.524 len= 4 | 01 00 00 00
  [3] t= 2.535 len= 4 | 01 00 00 00
  [3] t= 2.551 len= 4 | 01 00 00 00
  [3] t= 2.575 len= 4 | 01 00 00 00
  [3] t= 2.591 len= 4 | 01 00 00 00
  [3] t= 2.615 len= 4 | 01 00 00 00
  [3] t= 2.631 len= 4 | 01 00 00 00
  [3] t= 2.653 len= 4 | 01 00 00 00
  [3] t= 2.673 len= 4 | 01 00 00 00
  [3] t= 2.700 len= 4 | 01 00 00 00
  [3] t= 2.721 len= 4 | 01 00 00 00
  [3] t= 2.733 len= 4 | 01 00 00 00
  [3] t= 2.758 len= 4 | 01 00 00 00
  [3] t= 2.775 len= 4 | 01 00 00 00
  [3] t= 2.787 len= 4 | 01 00 00 00
  [3] t= 2.807 len= 4 | 01 00 00 00
  [3] t= 2.827 len= 4 | 01 00 00 00
  [3] t= 2.847 len= 4 | 01 00 00 00
  [3] t= 2.863 len= 4 | 01 00 00 00
  [3] t= 2.887 len= 4 | 01 00 00 00
  [3] t= 2.922 len= 4 | 01 00 00 00
  [3] t= 2.936 len= 4 | 01 00 00 00
  [3] t= 2.952 len= 4 | 01 00 00 00
  [3] t= 2.977 len= 4 | 01 00 00 00
  [3] t= 2.986 len= 4 | 01 00 00 00
  [3] t= 3.007 len= 4 | 01 00 00 00
  [3] t= 3.023 len= 4 | 01 00 00 00
  [3] t= 3.043 len= 4 | 01 00 00 00
  [3] t= 3.059 len= 4 | 01 00 00 00
  [3] t= 3.083 len= 4 | 01 00 00 00
  [3] t= 3.099 len= 4 | 01 00 00 00
  [3] t= 3.119 len= 4 | 01 00 00 00
  [3] t= 3.139 len= 4 | 01 00 00 00
  [3] t= 3.166 len= 4 | 01 00 00 00
  [3] t= 3.195 len= 4 | 01 00 00 00
  [3] t= 3.208 len= 4 | 01 00 00 00
  [3] t= 3.225 len= 4 | 01 00 00 00
  [3] t= 3.243 len= 4 | 01 00 00 00
  [3] t= 3.258 len= 4 | 01 00 00 00
  [3] t= 3.285 len= 4 | 01 00 00 00
  [3] t= 3.299 len= 4 | 01 00 00 00
  [3] t= 3.324 len= 4 | 01 00 00 00
  [3] t= 3.341 len= 4 | 01 00 00 00
  [3] t= 3.365 len= 4 | 01 00 00 00
  [3] t= 3.381 len= 4 | 01 00 00 00
  [3] t= 3.400 len= 4 | 01 00 00 00
  [3] t= 3.415 len= 4 | 01 00 00 00
  [3] t= 3.449 len= 4 | 01 00 00 00
  [3] t= 3.469 len= 4 | 01 00 00 00
  [3] t= 3.483 len= 4 | 01 00 00 00
  [3] t= 3.500 len= 4 | 01 00 00 00
  [3] t= 3.523 len= 4 | 01 00 00 00
  [3] t= 3.531 len= 4 | 01 00 00 00
  [3] t= 3.551 len= 4 | 01 00 00 00
  [3] t= 3.567 len= 4 | 01 00 00 00
  [3] t= 3.591 len= 4 | 01 00 00 00
  [3] t= 3.607 len= 4 | 01 00 00 00
  [3] t= 3.631 len= 4 | 01 00 00 00
  [3] t= 3.647 len= 4 | 01 00 00 00
  [3] t= 3.671 len= 4 | 01 00 00 00
  [3] t= 3.688 len= 4 | 01 00 00 00
  [3] t= 3.710 len= 4 | 01 00 00 00
  [3] t= 3.731 len= 4 | 01 00 00 00
  [3] t= 3.751 len= 4 | 01 00 00 00
  [3] t= 3.770 len= 4 | 01 00 00 00
  [3] t= 3.787 len= 4 | 01 00 00 00
  [3] t= 3.803 len= 4 | 01 00 00 00
  [3] t= 3.823 len= 4 | 01 00 00 00
  [3] t= 3.843 len= 4 | 01 00 00 00
  [3] t= 3.863 len= 4 | 01 00 00 00
  [3] t= 3.883 len= 4 | 01 00 00 00
  [3] t= 3.911 len= 4 | 01 00 00 00
  [3] t= 3.923 len= 4 | 01 00 00 00
  [3] t= 3.945 len= 4 | 01 00 00 00
  [3] t= 3.962 len= 4 | 01 00 00 00
  [3] t= 3.990 len= 4 | 01 00 00 00
  [3] t= 4.002 len= 4 | 01 00 00 00
--- Captured 237 reports ---

============================================================
TEST: TOUCH - basso destra
Instruction: Tocca e TIENI il dito in BASSO A DESTRA.
============================================================
  [3] t= 0.000 len= 4 | 01 00 00 00
  [3] t= 0.000 len= 4 | 01 00 00 00
  [3] t= 0.000 len= 4 | 01 00 00 00
  [3] t= 0.000 len= 4 | 01 00 00 00
  [3] t= 0.000 len= 4 | 01 00 00 00
  [3] t= 0.000 len= 4 | 01 00 00 00
  [3] t= 0.000 len= 4 | 01 00 00 00
  [3] t= 0.000 len= 4 | 01 00 00 00
  [3] t= 0.000 len= 4 | 01 00 00 00
  [3] t= 0.000 len= 4 | 01 00 00 00
  [3] t= 0.000 len= 4 | 01 00 00 00
  [3] t= 0.000 len= 4 | 01 00 00 00
  [3] t= 0.000 len= 4 | 01 00 00 00
  [3] t= 0.000 len= 4 | 01 00 00 00
  [3] t= 0.000 len= 4 | 01 00 00 00
  [3] t= 0.000 len= 4 | 01 00 00 00
  [3] t= 0.000 len= 4 | 01 00 00 00
  [3] t= 0.000 len= 4 | 01 00 00 00
  [3] t= 0.000 len= 4 | 01 00 00 00
  [3] t= 0.000 len= 4 | 01 00 00 00
  [3] t= 0.000 len= 4 | 01 00 00 00
  [3] t= 0.000 len= 4 | 01 00 00 00
  [3] t= 0.000 len= 4 | 01 00 00 00
  [3] t= 0.000 len= 4 | 01 00 00 00
  [3] t= 0.000 len= 4 | 01 00 00 00
  [3] t= 0.000 len= 4 | 01 00 00 00
  [3] t= 0.000 len= 4 | 01 00 00 00
  [3] t= 0.000 len= 4 | 01 00 00 00
  [3] t= 0.000 len= 4 | 01 00 00 00
  [3] t= 0.000 len= 4 | 01 00 00 00
  [3] t= 0.000 len= 4 | 01 00 00 00
  [3] t= 0.000 len= 4 | 01 00 00 00
--- Captured 32 reports ---

============================================================
TEST: TOUCH - centro
Instruction: Tocca e TIENI il dito al CENTRO.
============================================================
  [3] t= 0.000 len= 4 | 01 00 00 00
  [3] t= 0.000 len= 4 | 01 00 00 00
  [3] t= 0.000 len= 4 | 01 00 00 00
  [3] t= 0.000 len= 4 | 01 00 00 00
  [3] t= 0.000 len= 4 | 01 00 00 00
  [3] t= 0.000 len= 4 | 01 00 00 00
  [3] t= 0.000 len= 4 | 01 00 00 00
  [3] t= 0.000 len= 4 | 01 00 00 00
  [3] t= 0.000 len= 4 | 01 00 00 00
  [3] t= 0.000 len= 4 | 01 00 00 00
  [3] t= 0.000 len= 4 | 01 00 00 00
  [3] t= 0.000 len= 4 | 01 00 00 00
  [3] t= 0.000 len= 4 | 01 00 00 00
  [3] t= 0.000 len= 4 | 01 00 00 00
  [3] t= 0.000 len= 4 | 01 00 00 00
  [3] t= 0.000 len= 4 | 01 00 00 00
  [3] t= 0.000 len= 4 | 01 00 00 00
  [3] t= 0.000 len= 4 | 01 00 00 00
  [3] t= 0.000 len= 4 | 01 00 00 00
  [3] t= 0.000 len= 4 | 01 00 00 00
  [3] t= 0.000 len= 4 | 01 00 00 00
  [3] t= 0.000 len= 4 | 01 00 00 00
  [3] t= 0.000 len= 4 | 01 00 00 00
  [3] t= 0.000 len= 4 | 01 00 00 00
  [3] t= 0.000 len= 4 | 01 00 00 00
  [3] t= 0.000 len= 4 | 01 00 00 00
  [3] t= 0.000 len= 4 | 01 00 00 00
  [3] t= 0.000 len= 4 | 01 00 00 00
  [3] t= 0.000 len= 4 | 01 00 00 00
  [3] t= 0.000 len= 4 | 01 00 00 00
  [3] t= 0.000 len= 4 | 01 00 00 00
  [3] t= 0.000 len= 4 | 01 00 00 00
  [3] t= 0.012 len= 4 | 01 00 00 00
  [3] t= 0.028 len= 4 | 01 00 00 00
  [3] t= 0.052 len= 4 | 01 00 00 00
  [3] t= 0.068 len= 4 | 01 00 00 00
  [3] t= 0.092 len= 4 | 01 00 00 00
  [3] t= 0.108 len= 4 | 01 00 00 00
  [3] t= 0.132 len= 4 | 01 00 00 00
  [3] t= 0.151 len= 4 | 01 00 00 00
  [3] t= 0.176 len= 4 | 01 00 00 00
  [3] t= 0.192 len= 4 | 01 00 00 00
  [3] t= 0.215 len= 4 | 01 00 00 00
  [3] t= 0.232 len= 4 | 01 00 00 00
  [3] t= 0.264 len= 4 | 01 00 00 00
  [3] t= 0.276 len= 4 | 01 00 00 00
  [3] t= 0.289 len= 4 | 01 00 00 00
  [3] t= 0.315 len= 4 | 01 00 00 00
  [3] t= 0.331 len= 4 | 01 00 00 00
  [3] t= 0.357 len= 4 | 01 00 00 00
  [3] t= 0.366 len= 4 | 01 00 00 00
  [3] t= 0.390 len= 4 | 01 00 00 00
  [3] t= 0.406 len= 4 | 01 00 00 00
  [3] t= 0.426 len= 4 | 01 00 00 00
  [3] t= 0.456 len= 4 | 01 00 00 00
  [3] t= 0.468 len= 4 | 01 00 00 00
  [3] t= 0.494 len= 4 | 01 00 00 00
  [3] t= 0.500 len= 4 | 01 00 00 00
  [3] t= 0.520 len= 4 | 01 00 00 00
  [3] t= 0.536 len= 4 | 01 00 00 00
  [3] t= 0.560 len= 4 | 01 00 00 00
  [3] t= 0.576 len= 4 | 01 00 00 00
  [3] t= 0.600 len= 4 | 01 00 00 00
  [3] t= 0.616 len= 4 | 01 00 00 00
  [3] t= 0.642 len= 4 | 01 00 00 00
  [3] t= 0.665 len= 4 | 01 00 00 00
  [3] t= 0.682 len= 4 | 01 00 00 00
  [3] t= 0.705 len= 4 | 01 00 00 00
  [3] t= 0.718 len= 4 | 01 00 00 00
  [3] t= 0.734 len= 4 | 01 00 00 00
  [3] t= 0.756 len= 4 | 01 00 00 00
  [3] t= 0.772 len= 4 | 01 00 00 00
  [3] t= 0.796 len= 4 | 01 00 00 00
  [3] t= 0.812 len= 4 | 01 00 00 00
  [3] t= 0.832 len= 4 | 01 00 00 00
  [3] t= 0.852 len= 4 | 01 00 00 00
  [3] t= 0.881 len= 4 | 01 00 00 00
  [3] t= 0.890 len= 4 | 01 00 00 00
  [3] t= 0.923 len= 4 | 01 00 00 00
  [3] t= 0.938 len= 4 | 01 00 00 00
  [3] t= 0.967 len= 4 | 01 00 00 00
  [3] t= 0.977 len= 4 | 01 00 00 00
  [3] t= 0.997 len= 4 | 01 00 00 00
  [3] t= 1.008 len= 4 | 01 00 00 00
  [3] t= 1.028 len= 4 | 01 00 00 00
  [3] t= 1.048 len= 4 | 01 00 00 00
  [3] t= 1.068 len= 4 | 01 00 00 00
  [3] t= 1.084 len= 4 | 01 00 00 00
  [3] t= 1.108 len= 4 | 01 00 00 00
  [3] t= 1.126 len= 4 | 01 00 00 00
  [3] t= 1.156 len= 4 | 01 00 00 00
  [3] t= 1.175 len= 4 | 01 00 00 00
  [3] t= 1.188 len= 4 | 01 00 00 00
  [3] t= 1.214 len= 4 | 01 00 00 00
  [3] t= 1.231 len= 4 | 01 00 00 00
  [3] t= 1.244 len= 4 | 01 00 00 00
  [3] t= 1.264 len= 4 | 01 00 00 00
  [3] t= 1.280 len= 4 | 01 00 00 00
  [3] t= 1.304 len= 4 | 01 00 00 00
  [3] t= 1.320 len= 4 | 01 00 00 00
  [3] t= 1.344 len= 4 | 01 00 00 00
  [3] t= 1.360 len= 4 | 01 00 00 00
  [3] t= 1.380 len= 4 | 01 00 00 00
  [3] t= 1.400 len= 4 | 01 00 00 00
  [3] t= 1.420 len= 4 | 01 00 00 00
  [3] t= 1.437 len= 4 | 01 00 00 00
  [3] t= 1.460 len= 4 | 01 00 00 00
  [3] t= 1.476 len= 4 | 01 00 00 00
  [3] t= 1.507 len= 4 | 01 00 00 00
  [3] t= 1.526 len= 4 | 01 00 00 00
  [3] t= 1.555 len= 4 | 01 00 00 00
  [3] t= 1.572 len= 4 | 01 00 00 00
  [3] t= 1.581 len= 4 | 01 00 00 00
  [3] t= 1.610 len= 4 | 01 00 00 00
  [3] t= 1.620 len= 4 | 01 00 00 00
  [3] t= 1.632 len= 4 | 01 00 00 00
  [3] t= 1.656 len= 4 | 01 00 00 00
  [3] t= 1.672 len= 4 | 01 00 00 00
  [3] t= 1.696 len= 4 | 01 00 00 00
  [3] t= 1.712 len= 4 | 01 00 00 00
  [3] t= 1.736 len= 4 | 01 00 00 00
  [3] t= 1.757 len= 4 | 01 00 00 00
  [3] t= 1.785 len= 4 | 01 00 00 00
  [3] t= 1.801 len= 4 | 01 00 00 00
  [3] t= 1.818 len= 4 | 01 00 00 00
  [3] t= 1.830 len= 4 | 01 00 00 00
  [3] t= 1.863 len= 4 | 01 00 00 00
  [3] t= 1.870 len= 4 | 01 00 00 00
  [3] t= 1.892 len= 4 | 01 00 00 00
  [3] t= 1.908 len= 4 | 01 00 00 00
  [3] t= 1.928 len= 4 | 01 00 00 00
  [3] t= 1.948 len= 4 | 01 00 00 00
  [3] t= 1.968 len= 4 | 01 00 00 00
  [3] t= 1.984 len= 4 | 01 00 00 00
  [3] t= 2.009 len= 4 | 01 00 00 00
  [3] t= 2.026 len= 4 | 01 00 00 00
  [3] t= 2.048 len= 4 | 01 00 00 00
  [3] t= 2.064 len= 4 | 01 00 00 00
  [3] t= 2.084 len= 4 | 01 00 00 00
  [3] t= 2.104 len= 4 | 01 00 00 00
  [3] t= 2.135 len= 4 | 01 00 00 00
  [3] t= 2.148 len= 4 | 01 00 00 00
  [3] t= 2.168 len= 4 | 01 00 00 00
  [3] t= 2.184 len= 4 | 01 00 00 00
  [3] t= 2.217 len= 4 | 01 00 00 00
  [3] t= 2.232 len= 4 | 01 00 00 00
  [3] t= 2.246 len= 4 | 01 00 00 00
  [3] t= 2.260 len= 4 | 01 00 00 00
  [3] t= 2.280 len= 4 | 01 00 00 00
  [3] t= 2.300 len= 4 | 01 00 00 00
  [3] t= 2.320 len= 4 | 01 00 00 00
  [3] t= 2.340 len= 4 | 01 00 00 00
  [3] t= 2.360 len= 4 | 01 00 00 00
  [3] t= 2.376 len= 4 | 01 00 00 00
  [3] t= 2.400 len= 4 | 01 00 00 00
  [3] t= 2.416 len= 4 | 01 00 00 00
  [3] t= 2.440 len= 4 | 01 00 00 00
  [3] t= 2.456 len= 4 | 01 00 00 00
  [3] t= 2.476 len= 4 | 01 00 00 00
  [3] t= 2.496 len= 4 | 01 00 00 00
  [3] t= 2.516 len= 4 | 01 00 00 00
  [3] t= 2.536 len= 4 | 01 00 00 00
  [3] t= 2.556 len= 4 | 01 00 00 00
  [3] t= 2.572 len= 4 | 01 00 00 00
  [3] t= 2.596 len= 4 | 01 00 00 00
  [3] t= 2.612 len= 4 | 01 00 00 00
  [3] t= 2.639 len= 4 | 01 00 00 00
  [3] t= 2.657 len= 4 | 01 00 00 00
  [3] t= 2.682 len= 4 | 01 00 00 00
  [3] t= 2.699 len= 4 | 01 00 00 00
  [3] t= 2.718 len= 4 | 01 00 00 00
  [3] t= 2.732 len= 4 | 01 00 00 00
  [3] t= 2.757 len= 4 | 01 00 00 00
  [3] t= 2.771 len= 4 | 01 00 00 00
  [3] t= 2.795 len= 4 | 01 00 00 00
  [3] t= 2.813 len= 4 | 01 00 00 00
  [3] t= 2.839 len= 4 | 01 00 00 00
  [3] t= 2.852 len= 4 | 01 00 00 00
  [3] t= 2.872 len= 4 | 01 00 00 00
  [3] t= 2.888 len= 4 | 01 00 00 00
  [3] t= 2.908 len= 4 | 01 00 00 00
  [3] t= 2.924 len= 4 | 01 00 00 00
  [3] t= 2.948 len= 4 | 01 00 00 00
  [3] t= 2.964 len= 4 | 01 00 00 00
  [3] t= 2.988 len= 4 | 01 00 00 00
  [3] t= 3.004 len= 4 | 01 00 00 00
  [3] t= 3.024 len= 4 | 01 00 00 00
  [3] t= 3.044 len= 4 | 01 00 00 00
  [3] t= 3.064 len= 4 | 01 00 00 00
  [3] t= 3.080 len= 4 | 01 00 00 00
  [3] t= 3.104 len= 4 | 01 00 00 00
  [3] t= 3.120 len= 4 | 01 00 00 00
  [3] t= 3.149 len= 4 | 01 00 00 00
  [3] t= 3.167 len= 4 | 01 00 00 00
  [3] t= 3.184 len= 4 | 01 00 00 00
  [3] t= 3.215 len= 4 | 01 00 00 00
  [3] t= 3.226 len= 4 | 01 00 00 00
  [3] t= 3.242 len= 4 | 01 00 00 00
  [3] t= 3.260 len= 4 | 01 00 00 00
  [3] t= 3.276 len= 4 | 01 00 00 00
  [3] t= 3.300 len= 4 | 01 00 00 00
  [3] t= 3.316 len= 4 | 01 00 00 00
  [3] t= 3.340 len= 4 | 01 00 00 00
  [3] t= 3.356 len= 4 | 01 00 00 00
  [3] t= 3.376 len= 4 | 01 00 00 00
  [3] t= 3.396 len= 4 | 01 00 00 00
  [3] t= 3.416 len= 4 | 01 00 00 00
  [3] t= 3.432 len= 4 | 01 00 00 00
  [3] t= 3.456 len= 4 | 01 00 00 00
  [3] t= 3.472 len= 4 | 01 00 00 00
  [3] t= 3.497 len= 4 | 01 00 00 00
  [3] t= 3.512 len= 4 | 01 00 00 00
  [3] t= 3.532 len= 4 | 01 00 00 00
  [3] t= 3.552 len= 4 | 01 00 00 00
  [3] t= 3.572 len= 4 | 01 00 00 00
  [3] t= 3.588 len= 4 | 01 00 00 00
  [3] t= 3.612 len= 4 | 01 00 00 00
  [3] t= 3.639 len= 4 | 01 00 00 00
  [3] t= 3.662 len= 4 | 01 00 00 00
  [3] t= 3.677 len= 4 | 01 00 00 00
  [3] t= 3.701 len= 4 | 01 00 00 00
  [3] t= 3.712 len= 4 | 01 00 00 00
  [3] t= 3.732 len= 4 | 01 00 00 00
  [3] t= 3.748 len= 4 | 01 00 00 00
  [3] t= 3.768 len= 4 | 01 00 00 00
  [3] t= 3.784 len= 4 | 01 00 00 00
  [3] t= 3.808 len= 4 | 01 00 00 00
  [3] t= 3.824 len= 4 | 01 00 00 00
  [3] t= 3.848 len= 4 | 01 00 00 00
  [3] t= 3.864 len= 4 | 01 00 00 00
  [3] t= 3.885 len= 4 | 01 00 00 00
  [3] t= 3.910 len= 4 | 01 00 00 00
  [3] t= 3.947 len= 4 | 01 00 00 00
  [3] t= 3.951 len= 4 | 01 00 00 00
  [3] t= 3.965 len= 4 | 01 00 00 00
  [3] t= 3.998 len= 4 | 01 00 00 00
  [3] t= 4.004 len= 4 | 01 00 00 00
--- Captured 237 reports ---

============================================================
TEST: TOUCH - drag orizzontale
Instruction: Trascina LENTAMENTE da sinistra a destra.
============================================================
  [3] t= 0.000 len= 4 | 01 00 00 00
  [3] t= 0.000 len= 4 | 01 00 00 00
  [3] t= 0.000 len= 4 | 01 00 00 00
  [3] t= 0.000 len= 4 | 01 00 00 00
  [3] t= 0.000 len= 4 | 01 00 00 00
  [3] t= 0.000 len= 4 | 01 00 00 00
  [3] t= 0.000 len= 4 | 01 00 00 00
  [3] t= 0.000 len= 4 | 01 00 00 00
  [3] t= 0.000 len= 4 | 01 00 00 00
  [3] t= 0.000 len= 4 | 01 00 00 00
  [3] t= 0.000 len= 4 | 01 00 00 00
  [3] t= 0.000 len= 4 | 01 00 00 00
  [3] t= 0.000 len= 4 | 01 00 00 00
  [3] t= 0.000 len= 4 | 01 00 00 00
  [3] t= 0.000 len= 4 | 01 00 00 00
  [3] t= 0.000 len= 4 | 01 00 00 00
  [3] t= 0.000 len= 4 | 01 00 00 00
  [3] t= 0.000 len= 4 | 01 00 00 00
  [3] t= 0.000 len= 4 | 01 00 00 00
  [3] t= 0.000 len= 4 | 01 00 00 00
  [3] t= 0.000 len= 4 | 01 00 00 00
  [3] t= 0.000 len= 4 | 01 00 00 00
  [3] t= 0.000 len= 4 | 01 00 00 00
  [3] t= 0.000 len= 4 | 01 00 00 00
  [3] t= 0.000 len= 4 | 01 00 00 00
  [3] t= 0.000 len= 4 | 01 00 03 04
  [3] t= 0.000 len= 4 | 01 00 00 00
  [3] t= 0.000 len= 4 | 01 00 00 00
  [3] t= 0.000 len= 4 | 01 00 00 00
  [3] t= 0.000 len= 4 | 01 00 00 00
  [3] t= 0.000 len= 4 | 01 00 00 00
  [3] t= 0.000 len= 4 | 01 00 00 00
  [3] t= 0.001 len= 4 | 01 00 00 00
  [3] t= 0.025 len= 4 | 01 00 00 00
  [3] t= 0.041 len= 4 | 01 00 00 00
  [3] t= 0.072 len= 4 | 01 00 00 00
  [3] t= 0.082 len= 4 | 01 00 00 00
  [3] t= 0.112 len= 4 | 01 00 00 00
  [3] t= 0.133 len= 4 | 01 00 00 00
  [3] t= 0.155 len= 4 | 01 00 06 00
  [3] t= 0.164 len= 4 | 01 00 04 00
  [3] t= 0.184 len= 4 | 01 00 05 00
  [3] t= 0.197 len= 4 | 01 00 06 03
  [3] t= 0.221 len= 4 | 01 00 05 00
  [3] t= 0.237 len= 4 | 01 00 06 00
  [3] t= 0.257 len= 4 | 01 00 04 00
  [3] t= 0.277 len= 4 | 01 00 03 00
  [3] t= 0.297 len= 4 | 01 00 04 00
  [3] t= 0.323 len= 4 | 01 00 03 00
  [3] t= 0.340 len= 4 | 01 00 03 00
  [3] t= 0.359 len= 4 | 01 00 04 FD
  [3] t= 0.380 len= 4 | 01 00 04 00
  [3] t= 0.401 len= 4 | 01 00 03 00
  [3] t= 0.419 len= 4 | 01 00 00 00
  [3] t= 0.435 len= 4 | 01 00 04 00
  [3] t= 0.453 len= 4 | 01 00 03 00
  [3] t= 0.469 len= 4 | 01 00 03 00
  [3] t= 0.493 len= 4 | 01 00 05 00
  [3] t= 0.509 len= 4 | 01 00 04 00
  [3] t= 0.533 len= 4 | 01 00 05 00
  [3] t= 0.549 len= 4 | 01 00 06 00
  [3] t= 0.573 len= 4 | 01 00 05 00
  [3] t= 0.589 len= 4 | 01 00 06 00
  [3] t= 0.609 len= 4 | 01 00 05 00
  [3] t= 0.625 len= 4 | 01 00 04 00
  [3] t= 0.649 len= 4 | 01 00 03 00
  [3] t= 0.665 len= 4 | 01 00 04 00
  [3] t= 0.692 len= 4 | 01 00 00 00
  [3] t= 0.705 len= 4 | 01 00 04 00
  [3] t= 0.730 len= 4 | 01 00 00 00
  [3] t= 0.746 len= 4 | 01 00 04 00
  [3] t= 0.766 len= 4 | 01 00 00 00
  [3] t= 0.787 len= 4 | 01 00 05 00
  [3] t= 0.810 len= 4 | 01 00 04 00
  [3] t= 0.821 len= 4 | 01 00 03 00
  [3] t= 0.845 len= 4 | 01 00 04 00
  [3] t= 0.861 len= 4 | 01 00 06 00
  [3] t= 0.885 len= 4 | 01 00 05 00
  [3] t= 0.901 len= 4 | 01 00 05 00
  [3] t= 0.921 len= 4 | 01 00 06 00
  [3] t= 0.942 len= 4 | 01 00 06 00
  [3] t= 0.962 len= 4 | 01 00 05 00
  [3] t= 0.979 len= 4 | 01 00 06 00
  [3] t= 1.001 len= 4 | 01 00 06 00
  [3] t= 1.017 len= 4 | 01 00 05 00
  [3] t= 1.042 len= 4 | 01 00 03 00
  [3] t= 1.059 len= 4 | 01 00 03 00
  [3] t= 1.086 len= 4 | 01 00 03 00
  [3] t= 1.099 len= 4 | 01 00 03 00
  [3] t= 1.120 len= 4 | 01 00 03 00
  [3] t= 1.143 len= 4 | 01 00 03 00
  [3] t= 1.164 len= 4 | 01 00 04 00
  [3] t= 1.177 len= 4 | 01 00 03 00
  [3] t= 1.197 len= 4 | 01 00 03 03
  [3] t= 1.213 len= 4 | 01 00 00 00
  [3] t= 1.237 len= 4 | 01 00 04 00
  [3] t= 1.253 len= 4 | 01 00 03 00
  [3] t= 1.273 len= 4 | 01 00 03 00
  [3] t= 1.289 len= 4 | 01 00 00 00
  [3] t= 1.313 len= 4 | 01 00 04 00
  [3] t= 1.330 len= 4 | 01 00 03 00
  [3] t= 1.357 len= 4 | 01 00 00 00
  [3] t= 1.377 len= 4 | 01 00 03 00
  [3] t= 1.392 len= 4 | 01 00 00 00
  [3] t= 1.410 len= 4 | 01 00 03 00
  [3] t= 1.434 len= 4 | 01 00 00 00
  [3] t= 1.445 len= 4 | 01 00 04 00
  [3] t= 1.469 len= 4 | 01 00 00 00
  [3] t= 1.485 len= 4 | 01 00 04 00
  [3] t= 1.509 len= 4 | 01 00 03 00
  [3] t= 1.525 len= 4 | 01 00 00 00
  [3] t= 1.549 len= 4 | 01 00 05 00
  [3] t= 1.565 len= 4 | 01 00 03 00
  [3] t= 1.585 len= 4 | 01 00 00 00
  [3] t= 1.605 len= 4 | 01 00 04 00
  [3] t= 1.625 len= 4 | 01 00 00 00
  [3] t= 1.641 len= 4 | 01 00 03 00
  [3] t= 1.665 len= 4 | 01 00 00 00
  [3] t= 1.681 len= 4 | 01 00 00 00
  [3] t= 1.709 len= 4 | 01 00 00 00
  [3] t= 1.722 len= 4 | 01 00 00 00
  [3] t= 1.743 len= 4 | 01 00 04 00
  [3] t= 1.766 len= 4 | 01 00 03 00
  [3] t= 1.786 len= 4 | 01 00 00 00
  [3] t= 1.801 len= 4 | 01 00 04 00
  [3] t= 1.821 len= 4 | 01 00 00 00
  [3] t= 1.837 len= 4 | 01 00 04 00
  [3] t= 1.861 len= 4 | 01 00 04 FD
  [3] t= 1.905 len= 4 | 01 00 03 00
  [3] t= 1.905 len= 4 | 01 00 03 00
  [3] t= 1.921 len= 4 | 01 00 03 00
  [3] t= 1.947 len= 4 | 01 00 03 00
  [3] t= 1.954 len= 4 | 01 00 03 00
  [3] t= 1.980 len= 4 | 01 00 03 00
  [3] t= 1.997 len= 4 | 01 00 03 00
  [3] t= 2.020 len= 4 | 01 00 00 00
  [3] t= 2.036 len= 4 | 01 00 05 00
  [3] t= 2.053 len= 4 | 01 00 00 00
  [3] t= 2.077 len= 4 | 01 00 03 00
  [3] t= 2.096 len= 4 | 01 00 00 00
  [3] t= 2.111 len= 4 | 01 00 00 00
  [3] t= 2.133 len= 4 | 01 00 04 00
  [3] t= 2.155 len= 4 | 01 00 00 00
  [3] t= 2.181 len= 4 | 01 00 04 03
  [3] t= 2.193 len= 4 | 01 00 04 00
  [3] t= 2.211 len= 4 | 01 00 04 00
  [3] t= 2.237 len= 4 | 01 00 03 00
  [3] t= 2.251 len= 4 | 01 00 00 00
  [3] t= 2.269 len= 4 | 01 00 04 00
  [3] t= 2.294 len= 4 | 01 00 00 00
  [3] t= 2.310 len= 4 | 01 00 00 00
  [3] t= 2.329 len= 4 | 01 00 04 00
  [3] t= 2.345 len= 4 | 01 00 00 00
  [3] t= 2.365 len= 4 | 01 00 03 00
  [3] t= 2.385 len= 4 | 01 00 00 00
  [3] t= 2.405 len= 4 | 01 00 06 00
  [3] t= 2.421 len= 4 | 01 00 03 FD
  [3] t= 2.452 len= 4 | 01 00 00 00
  [3] t= 2.468 len= 4 | 01 00 04 00
  [3] t= 2.493 len= 4 | 01 00 00 00
  [3] t= 2.508 len= 4 | 01 00 03 00
  [3] t= 2.530 len= 4 | 01 00 00 00
  [3] t= 2.545 len= 4 | 01 00 03 00
  [3] t= 2.561 len= 4 | 01 00 00 00
  [3] t= 2.577 len= 4 | 01 00 00 00
  [3] t= 2.601 len= 4 | 01 00 04 00
  [3] t= 2.617 len= 4 | 01 00 03 00
  [3] t= 2.641 len= 4 | 01 00 00 00
  [3] t= 2.657 len= 4 | 01 00 03 00
  [3] t= 2.677 len= 4 | 01 00 00 00
  [3] t= 2.699 len= 4 | 01 00 04 00
  [3] t= 2.720 len= 4 | 01 00 00 00
  [3] t= 2.734 len= 4 | 01 00 05 00
  [3] t= 2.762 len= 4 | 01 00 00 00
  [3] t= 2.775 len= 4 | 01 00 03 00
  [3] t= 2.800 len= 4 | 01 00 03 00
  [3] t= 2.816 len= 4 | 01 00 00 00
  [3] t= 2.842 len= 4 | 01 00 04 00
  [3] t= 2.855 len= 4 | 01 00 00 00
  [3] t= 2.876 len= 4 | 01 00 00 00
  [3] t= 2.892 len= 4 | 01 00 00 00
  [3] t= 2.917 len= 4 | 01 00 00 00
  [3] t= 2.932 len= 4 | 01 00 04 00
  [3] t= 2.953 len= 4 | 01 00 00 03
  [3] t= 2.969 len= 4 | 01 00 04 00
  [3] t= 2.989 len= 4 | 01 00 00 00
  [3] t= 3.009 len= 4 | 01 00 00 00
  [3] t= 3.029 len= 4 | 01 00 04 00
  [3] t= 3.045 len= 4 | 01 00 00 00
  [3] t= 3.075 len= 4 | 01 00 03 00
  [3] t= 3.088 len= 4 | 01 00 03 00
  [3] t= 3.110 len= 4 | 01 00 04 00
  [3] t= 3.128 len= 4 | 01 00 00 00
  [3] t= 3.149 len= 4 | 01 00 05 00
  [3] t= 3.172 len= 4 | 01 00 03 00
  [3] t= 3.186 len= 4 | 01 00 00 00
  [3] t= 3.201 len= 4 | 01 00 03 00
  [3] t= 3.225 len= 4 | 01 00 00 00
  [3] t= 3.241 len= 4 | 01 00 00 00
  [3] t= 3.265 len= 4 | 01 00 03 00
  [3] t= 3.282 len= 4 | 01 00 00 00
  [3] t= 3.301 len= 4 | 01 00 00 00
  [3] t= 3.324 len= 4 | 01 00 05 00
  [3] t= 3.342 len= 4 | 01 00 03 03
  [3] t= 3.359 len= 4 | 01 00 00 00
  [3] t= 3.392 len= 4 | 01 00 00 00
  [3] t= 3.409 len= 4 | 01 00 03 00
  [3] t= 3.430 len= 4 | 01 00 00 00
  [3] t= 3.437 len= 4 | 01 00 00 00
  [3] t= 3.457 len= 4 | 01 00 00 00
  [3] t= 3.477 len= 4 | 01 00 00 00
  [3] t= 3.497 len= 4 | 01 00 03 00
  [3] t= 3.513 len= 4 | 01 00 00 00
  [3] t= 3.537 len= 4 | 01 00 04 00
  [3] t= 3.553 len= 4 | 01 00 00 00
  [3] t= 3.573 len= 4 | 01 00 00 00
  [3] t= 3.593 len= 4 | 01 00 04 00
  [3] t= 3.613 len= 4 | 01 00 00 00
  [3] t= 3.629 len= 4 | 01 00 03 03
  [3] t= 3.653 len= 4 | 01 00 00 00
  [3] t= 3.669 len= 4 | 01 00 04 00
  [3] t= 3.693 len= 4 | 01 00 00 00
  [3] t= 3.709 len= 4 | 01 00 00 00
  [3] t= 3.729 len= 4 | 01 00 00 00
  [3] t= 3.749 len= 4 | 01 00 00 00
  [3] t= 3.771 len= 4 | 01 00 03 00
  [3] t= 3.788 len= 4 | 01 00 00 00
  [3] t= 3.811 len= 4 | 01 00 00 00
  [3] t= 3.828 len= 4 | 01 00 03 00
  [3] t= 3.851 len= 4 | 01 00 00 00
  [3] t= 3.872 len= 4 | 01 00 00 00
  [3] t= 3.891 len= 4 | 01 00 00 00
  [3] t= 3.917 len= 4 | 01 00 00 00
  [3] t= 3.934 len= 4 | 01 00 05 00
  [3] t= 3.944 len= 4 | 01 00 03 00
  [3] t= 3.969 len= 4 | 01 00 00 00
  [3] t= 3.983 len= 4 | 01 00 00 00
  [3] t= 4.008 len= 4 | 01 00 00 00
  [3] t= 4.028 len= 4 | 01 00 00 00
  [3] t= 4.044 len= 4 | 01 00 00 00
  [3] t= 4.062 len= 4 | 01 00 00 00
  [3] t= 4.081 len= 4 | 01 00 00 00
  [3] t= 4.097 len= 4 | 01 00 00 00
  [3] t= 4.121 len= 4 | 01 00 00 00
  [3] t= 4.137 len= 4 | 01 00 00 00
  [3] t= 4.161 len= 4 | 01 00 00 00
  [3] t= 4.177 len= 4 | 01 00 00 00
  [3] t= 4.204 len= 4 | 01 00 00 00
  [3] t= 4.220 len= 4 | 01 00 00 00
  [3] t= 4.237 len= 4 | 01 00 00 00
  [3] t= 4.259 len= 4 | 01 00 00 00
  [3] t= 4.288 len= 4 | 01 00 00 00
  [3] t= 4.302 len= 4 | 01 00 00 00
  [3] t= 4.317 len= 4 | 01 00 00 00
  [3] t= 4.333 len= 4 | 01 00 00 00
  [3] t= 4.353 len= 4 | 01 00 00 00
--- Captured 256 reports ---

============================================================
TEST: TOUCH - drag verticale
Instruction: Trascina LENTAMENTE dall'alto al basso.
============================================================
  [3] t= 0.000 len= 4 | 01 00 00 00
  [3] t= 0.000 len= 4 | 01 00 00 00
  [3] t= 0.000 len= 4 | 01 00 00 00
  [3] t= 0.000 len= 4 | 01 00 00 00
  [3] t= 0.000 len= 4 | 01 00 00 00
  [3] t= 0.000 len= 4 | 01 00 00 00
  [3] t= 0.000 len= 4 | 01 00 00 00
  [3] t= 0.000 len= 4 | 01 00 00 00
  [3] t= 0.000 len= 4 | 01 00 03 07
  [3] t= 0.000 len= 4 | 01 00 00 00
  [3] t= 0.000 len= 4 | 01 00 00 04
  [3] t= 0.000 len= 4 | 01 00 03 03
  [3] t= 0.000 len= 4 | 01 00 00 00
  [3] t= 0.000 len= 4 | 01 00 00 03
  [3] t= 0.000 len= 4 | 01 00 00 03
  [3] t= 0.000 len= 4 | 01 00 00 03
  [3] t= 0.000 len= 4 | 01 00 00 00
  [3] t= 0.000 len= 4 | 01 00 00 05
  [3] t= 0.000 len= 4 | 01 00 00 05
  [3] t= 0.000 len= 4 | 01 00 00 03
  [3] t= 0.000 len= 4 | 01 00 00 04
  [3] t= 0.000 len= 4 | 01 00 00 04
  [3] t= 0.000 len= 4 | 01 00 00 03
  [3] t= 0.000 len= 4 | 01 00 00 03
  [3] t= 0.000 len= 4 | 01 00 00 00
  [3] t= 0.000 len= 4 | 01 00 00 05
  [3] t= 0.015 len= 4 | 01 00 FC 05
  [3] t= 0.024 len= 4 | 01 00 00 04
  [3] t= 0.042 len= 4 | 01 00 00 03
  [3] t= 0.058 len= 4 | 01 00 00 03
  [3] t= 0.082 len= 4 | 01 00 00 00
  [3] t= 0.098 len= 4 | 01 00 00 05
  [3] t= 0.118 len= 4 | 01 00 00 05
  [3] t= 0.139 len= 4 | 01 00 FD 04
  [3] t= 0.160 len= 4 | 01 00 00 03
  [3] t= 0.178 len= 4 | 01 00 00 03
  [3] t= 0.202 len= 4 | 01 00 00 03
  [3] t= 0.218 len= 4 | 01 00 00 03
  [3] t= 0.239 len= 4 | 01 00 00 04
  [3] t= 0.260 len= 4 | 01 00 00 00
  [3] t= 0.275 len= 4 | 01 00 00 04
  [3] t= 0.294 len= 4 | 01 00 00 03
  [3] t= 0.314 len= 4 | 01 00 00 00
  [3] t= 0.330 len= 4 | 01 00 00 04
  [3] t= 0.354 len= 4 | 01 00 00 03
  [3] t= 0.370 len= 4 | 01 00 00 00
  [3] t= 0.394 len= 4 | 01 00 00 05
  [3] t= 0.415 len= 4 | 01 00 00 03
  [3] t= 0.434 len= 4 | 01 00 03 03
  [3] t= 0.452 len= 4 | 01 00 00 03
  [3] t= 0.470 len= 4 | 01 00 00 03
  [3] t= 0.493 len= 4 | 01 00 00 03
  [3] t= 0.513 len= 4 | 01 00 00 03
  [3] t= 0.529 len= 4 | 01 00 00 04
  [3] t= 0.551 len= 4 | 01 00 00 04
  [3] t= 0.568 len= 4 | 01 00 03 03
  [3] t= 0.590 len= 4 | 01 00 00 00
  [3] t= 0.612 len= 4 | 01 00 00 04
  [3] t= 0.635 len= 4 | 01 00 00 04
  [3] t= 0.646 len= 4 | 01 00 00 03
  [3] t= 0.666 len= 4 | 01 00 00 04
  [3] t= 0.682 len= 4 | 01 00 00 03
  [3] t= 0.706 len= 4 | 01 00 00 00
  [3] t= 0.722 len= 4 | 01 00 00 00
  [3] t= 0.742 len= 4 | 01 00 00 03
  [3] t= 0.762 len= 4 | 01 00 00 00
  [3] t= 0.783 len= 4 | 01 00 00 05
  [3] t= 0.798 len= 4 | 01 00 FD 04
  [3] t= 0.822 len= 4 | 01 00 00 05
  [3] t= 0.838 len= 4 | 01 00 00 04
  [3] t= 0.864 len= 4 | 01 00 00 03
  [3] t= 0.880 len= 4 | 01 00 00 04
  [3] t= 0.898 len= 4 | 01 00 00 05
  [3] t= 0.927 len= 4 | 01 00 FD 04
  [3] t= 0.943 len= 4 | 01 00 00 04
  [3] t= 0.959 len= 4 | 01 00 00 00
  [3] t= 0.984 len= 4 | 01 00 00 03
  [3] t= 0.996 len= 4 | 01 00 00 00
  [3] t= 1.024 len= 4 | 01 00 00 04
  [3] t= 1.034 len= 4 | 01 00 00 03
  [3] t= 1.054 len= 4 | 01 00 00 00
  [3] t= 1.074 len= 4 | 01 00 00 04
  [3] t= 1.094 len= 4 | 01 00 00 03
  [3] t= 1.110 len= 4 | 01 00 00 00
  [3] t= 1.134 len= 4 | 01 00 00 04
  [3] t= 1.150 len= 4 | 01 00 00 00
  [3] t= 1.181 len= 4 | 01 00 00 00
  [3] t= 1.197 len= 4 | 01 00 00 04
  [3] t= 1.211 len= 4 | 01 00 00 00
  [3] t= 1.235 len= 4 | 01 00 00 05
  [3] t= 1.255 len= 4 | 01 00 00 03
  [3] t= 1.267 len= 4 | 01 00 00 00
  [3] t= 1.290 len= 4 | 01 00 00 04
  [3] t= 1.306 len= 4 | 01 00 00 00
  [3] t= 1.330 len= 4 | 01 00 FD 00
  [3] t= 1.346 len= 4 | 01 00 00 03
  [3] t= 1.366 len= 4 | 01 00 00 00
  [3] t= 1.386 len= 4 | 01 00 00 04
  [3] t= 1.410 len= 4 | 01 00 00 00
  [3] t= 1.424 len= 4 | 01 00 00 04
  [3] t= 1.450 len= 4 | 01 00 00 00
  [3] t= 1.463 len= 4 | 01 00 00 00
  [3] t= 1.490 len= 4 | 01 00 00 05
  [3] t= 1.503 len= 4 | 01 00 00 03
  [3] t= 1.526 len= 4 | 01 00 00 00
  [3] t= 1.542 len= 4 | 01 00 00 04
  [3] t= 1.562 len= 4 | 01 00 00 00
  [3] t= 1.578 len= 4 | 01 00 00 00
  [3] t= 1.602 len= 4 | 01 00 00 00
  [3] t= 1.618 len= 4 | 01 00 00 04
  [3] t= 1.642 len= 4 | 01 00 00 00
  [3] t= 1.662 len= 4 | 01 00 00 03
  [3] t= 1.684 len= 4 | 01 00 00 03
  [3] t= 1.700 len= 4 | 01 00 00 00
  [3] t= 1.720 len= 4 | 01 00 00 04
  [3] t= 1.734 len= 4 | 01 00 00 00
  [3] t= 1.758 len= 4 | 01 00 00 04
  [3] t= 1.774 len= 4 | 01 00 00 03
  [3] t= 1.798 len= 4 | 01 00 00 00
  [3] t= 1.814 len= 4 | 01 00 00 03
  [3] t= 1.834 len= 4 | 01 00 00 00
  [3] t= 1.854 len= 4 | 01 00 00 03
  [3] t= 1.874 len= 4 | 01 00 00 00
  [3] t= 1.890 len= 4 | 01 00 00 00
  [3] t= 1.917 len= 4 | 01 00 00 00
  [3] t= 1.934 len= 4 | 01 00 00 00
  [3] t= 1.959 len= 4 | 01 00 00 04
  [3] t= 1.972 len= 4 | 01 00 00 00
  [3] t= 1.996 len= 4 | 01 00 00 00
  [3] t= 2.015 len= 4 | 01 00 00 03
  [3] t= 2.030 len= 4 | 01 00 00 00
  [3] t= 2.046 len= 4 | 01 00 00 03
  [3] t= 2.070 len= 4 | 01 00 00 00
  [3] t= 2.086 len= 4 | 01 00 00 00
  [3] t= 2.110 len= 4 | 01 00 00 00
  [3] t= 2.126 len= 4 | 01 00 00 00
  [3] t= 2.146 len= 4 | 01 00 00 00
  [3] t= 2.171 len= 4 | 01 00 00 03
  [3] t= 2.187 len= 4 | 01 00 00 00
  [3] t= 2.209 len= 4 | 01 00 00 03
  [3] t= 2.232 len= 4 | 01 00 00 00
  [3] t= 2.249 len= 4 | 01 00 00 00
  [3] t= 2.284 len= 4 | 01 00 00 00
  [3] t= 2.284 len= 4 | 01 00 00 00
  [3] t= 2.302 len= 4 | 01 00 00 03
  [3] t= 2.322 len= 4 | 01 00 00 00
  [3] t= 2.342 len= 4 | 01 00 00 04
  [3] t= 2.358 len= 4 | 01 00 00 00
  [3] t= 2.382 len= 4 | 01 00 00 03
  [3] t= 2.398 len= 4 | 01 00 00 00
  [3] t= 2.432 len= 4 | 01 00 03 00
  [3] t= 2.444 len= 4 | 01 00 00 00
  [3] t= 2.463 len= 4 | 01 00 00 00
  [3] t= 2.480 len= 4 | 01 00 00 00
  [3] t= 2.500 len= 4 | 01 00 00 00
  [3] t= 2.525 len= 4 | 01 00 00 00
  [3] t= 2.542 len= 4 | 01 00 00 00
  [3] t= 2.566 len= 4 | 01 00 00 00
  [3] t= 2.582 len= 4 | 01 00 00 00
  [3] t= 2.600 len= 4 | 01 00 00 00
  [3] t= 2.625 len= 4 | 01 00 00 00
  [3] t= 2.650 len= 4 | 01 00 00 00
  [3] t= 2.672 len= 4 | 01 00 00 00
  [3] t= 2.672 len= 4 | 01 00 00 00
  [3] t= 2.705 len= 4 | 01 00 00 00
  [3] t= 2.725 len= 4 | 01 00 00 00
  [3] t= 2.734 len= 4 | 01 00 00 00
  [3] t= 2.759 len= 4 | 01 00 00 00
  [3] t= 2.778 len= 4 | 01 00 00 00
  [3] t= 2.790 len= 4 | 01 00 00 00
  [3] t= 2.810 len= 4 | 01 00 00 00
  [3] t= 2.826 len= 4 | 01 00 00 00
  [3] t= 2.850 len= 4 | 01 00 00 00
  [3] t= 2.870 len= 4 | 01 00 00 00
  [3] t= 2.886 len= 4 | 01 00 00 00
--- Captured 175 reports ---

============================================================
TEST: TOUCH ON/OFF
Instruction: Tocca e solleva il dito ripetutamente (tap tap tap).
============================================================
  [3] t= 0.000 len= 4 | 01 00 00 00
  [3] t= 0.000 len= 4 | 01 00 00 00
  [3] t= 0.000 len= 4 | 01 00 00 00
  [3] t= 0.000 len= 4 | 01 00 00 00
  [3] t= 0.000 len= 4 | 01 00 00 00
  [3] t= 0.000 len= 4 | 01 00 00 00
  [3] t= 0.000 len= 4 | 01 00 00 00
  [3] t= 0.000 len= 4 | 01 00 00 00
  [3] t= 0.000 len= 4 | 01 00 00 00
  [3] t= 0.000 len= 4 | 01 00 00 00
  [3] t= 0.000 len= 4 | 01 00 00 00
  [3] t= 0.000 len= 4 | 01 00 00 00
  [3] t= 0.000 len= 4 | 01 00 00 00
  [3] t= 0.000 len= 4 | 01 00 00 00
  [3] t= 0.000 len= 4 | 01 00 00 00
  [3] t= 0.000 len= 4 | 01 00 00 00
  [3] t= 0.262 len= 4 | 01 00 00 00
  [3] t= 0.272 len= 4 | 01 00 00 00
  [3] t= 0.296 len= 4 | 01 00 00 00
  [3] t= 0.320 len= 4 | 01 00 00 00
  [3] t= 0.334 len= 4 | 01 00 00 00
  [3] t= 0.345 len= 4 | 01 00 00 00
  [3] t= 0.685 len= 4 | 01 00 00 00
  [3] t= 0.703 len= 4 | 01 00 00 00
  [3] t= 0.718 len= 4 | 01 00 00 00
  [3] t= 1.112 len= 4 | 01 00 00 00
  [3] t= 1.129 len= 4 | 01 00 00 00
  [3] t= 1.152 len= 4 | 01 00 00 00
  [3] t= 1.163 len= 4 | 01 00 00 00
  [3] t= 1.543 len= 4 | 01 00 00 00
  [3] t= 1.560 len= 4 | 01 00 00 00
  [3] t= 1.577 len= 4 | 01 00 00 00
  [3] t= 1.598 len= 4 | 01 00 FD 00
  [3] t= 1.613 len= 4 | 01 00 00 00
  [3] t= 1.970 len= 4 | 01 00 00 00
  [3] t= 1.981 len= 4 | 01 00 00 00
  [3] t= 2.005 len= 4 | 01 00 00 00
  [3] t= 2.021 len= 4 | 01 00 00 00
  [3] t= 2.041 len= 4 | 01 00 00 00
  [3] t= 2.056 len= 4 | 01 00 00 00
  [3] t= 2.442 len= 4 | 01 00 00 00
  [3] t= 2.459 len= 4 | 01 00 00 00
  [3] t= 2.475 len= 4 | 01 00 00 00
  [3] t= 2.485 len= 4 | 01 00 00 00
  [3] t= 2.863 len= 4 | 01 00 00 00
  [3] t= 2.878 len= 4 | 01 00 00 00
  [3] t= 2.906 len= 4 | 01 00 00 00
  [3] t= 2.920 len= 4 | 01 00 00 00
  [3] t= 3.312 len= 4 | 01 00 00 00
  [3] t= 3.329 len= 4 | 01 00 00 00
  [3] t= 3.350 len= 4 | 01 00 00 00
  [3] t= 3.785 len= 4 | 01 00 00 00
  [3] t= 3.800 len= 4 | 01 00 00 00
  [3] t= 3.825 len= 4 | 01 00 00 00
  [3] t= 4.246 len= 4 | 01 00 00 00
  [3] t= 4.263 len= 4 | 01 00 00 00
  [3] t= 4.287 len= 4 | 01 00 00 00
  [3] t= 4.721 len= 4 | 01 00 00 00
  [3] t= 4.737 len= 4 | 01 00 00 00
  [3] t= 4.757 len= 4 | 01 00 00 00
--- Captured 60 reports ---

============================================================
TEST: BUTTON 1
Instruction: Premi e TIENI solo BOTTONE 1 (il piu' in alto). NON toccare la superficie.
============================================================
  [3] t= 0.000 len= 4 | 01 00 00 00
  [3] t= 0.000 len= 4 | 01 00 00 00
  [3] t= 0.000 len= 4 | 01 00 00 00
  [3] t= 0.000 len= 4 | 01 00 00 00
  [3] t= 0.000 len= 4 | 01 00 00 00
  [3] t= 0.000 len= 4 | 01 00 00 00
  [3] t= 0.000 len= 4 | 01 08 00 00
  [3] t= 0.000 len= 4 | 01 00 00 00
--- Captured 8 reports ---

============================================================
TEST: BUTTON 2
Instruction: Premi e TIENI solo BOTTONE 2. NON toccare.
============================================================
  [3] t= 0.000 len= 4 | 01 10 00 00
--- Captured 1 reports ---

============================================================
TEST: BUTTON 3
Instruction: Premi e TIENI solo BOTTONE 3. NON toccare.
============================================================
  [3] t= 0.000 len= 4 | 01 00 00 00
  [3] t= 0.000 len= 4 | 01 02 00 00
--- Captured 2 reports ---

============================================================
TEST: BUTTON 4
Instruction: Premi e TIENI solo BOTTONE 4 (il piu' in basso). NON toccare.
============================================================
  [3] t= 0.000 len= 4 | 01 00 00 00
  [3] t= 0.000 len= 4 | 01 01 00 00
--- Captured 2 reports ---

============================================================
TEST: BUTTON 1 + TOUCH
Instruction: Tieni premuto BOTTONE 1 e trascina il dito.
============================================================
  [3] t= 0.000 len= 4 | 01 00 00 00
  [3] t= 0.092 len= 4 | 01 08 00 00
  [3] t= 0.719 len= 4 | 01 08 00 00
  [3] t= 0.736 len= 4 | 01 08 00 00
  [3] t= 0.744 len= 4 | 01 08 04 00
  [3] t= 0.768 len= 4 | 01 08 04 00
  [3] t= 0.787 len= 4 | 01 08 04 00
  [3] t= 0.811 len= 4 | 01 08 03 00
  [3] t= 0.824 len= 4 | 01 08 00 FD
  [3] t= 0.846 len= 4 | 01 08 05 00
  [3] t= 0.864 len= 4 | 01 08 05 00
  [3] t= 0.884 len= 4 | 01 08 05 00
  [3] t= 0.900 len= 4 | 01 08 06 00
  [3] t= 0.924 len= 4 | 01 08 04 00
  [3] t= 0.940 len= 4 | 01 08 04 00
  [3] t= 0.964 len= 4 | 01 08 06 FD
  [3] t= 0.980 len= 4 | 01 08 05 00
  [3] t= 1.000 len= 4 | 01 08 00 00
  [3] t= 1.020 len= 4 | 01 08 07 00
  [3] t= 1.040 len= 4 | 01 08 05 00
  [3] t= 1.056 len= 4 | 01 08 04 00
  [3] t= 1.080 len= 4 | 01 08 03 00
  [3] t= 1.096 len= 4 | 01 08 00 00
  [3] t= 1.120 len= 4 | 01 08 04 00
  [3] t= 1.136 len= 4 | 01 08 03 00
  [3] t= 1.156 len= 4 | 01 08 00 00
  [3] t= 1.176 len= 4 | 01 08 05 00
  [3] t= 1.196 len= 4 | 01 08 03 00
  [3] t= 1.212 len= 4 | 01 08 04 00
  [3] t= 1.236 len= 4 | 01 08 06 00
  [3] t= 1.252 len= 4 | 01 08 05 00
  [3] t= 1.276 len= 4 | 01 08 03 00
  [3] t= 1.292 len= 4 | 01 08 03 00
  [3] t= 1.312 len= 4 | 01 08 05 00
  [3] t= 1.332 len= 4 | 01 08 03 00
  [3] t= 1.352 len= 4 | 01 08 00 00
  [3] t= 1.370 len= 4 | 01 08 00 00
  [3] t= 1.396 len= 4 | 01 08 04 00
  [3] t= 1.412 len= 4 | 01 08 06 00
  [3] t= 1.432 len= 4 | 01 08 08 00
  [3] t= 1.452 len= 4 | 01 08 0C 00
  [3] t= 1.471 len= 4 | 01 08 11 05
  [3] t= 1.486 len= 4 | 01 08 12 05
  [3] t= 1.512 len= 4 | 01 08 14 08
  [3] t= 1.527 len= 4 | 01 08 11 09
  [3] t= 1.552 len= 4 | 01 08 0B 05
  [3] t= 1.564 len= 4 | 01 08 07 04
  [3] t= 1.589 len= 4 | 01 08 04 00
  [3] t= 1.605 len= 4 | 01 08 00 00
  [3] t= 1.624 len= 4 | 01 08 00 00
  [3] t= 1.640 len= 4 | 01 08 00 00
  [3] t= 1.664 len= 4 | 01 08 03 00
  [3] t= 1.680 len= 4 | 01 08 03 00
  [3] t= 1.704 len= 4 | 01 08 04 00
  [3] t= 1.720 len= 4 | 01 08 04 00
  [3] t= 1.747 len= 4 | 01 08 04 00
  [3] t= 1.761 len= 4 | 01 08 06 00
  [3] t= 1.785 len= 4 | 01 08 07 FC
  [3] t= 1.796 len= 4 | 01 08 06 00
  [3] t= 1.826 len= 4 | 01 08 08 00
  [3] t= 1.839 len= 4 | 01 08 08 00
  [3] t= 1.857 len= 4 | 01 08 04 00
  [3] t= 1.877 len= 4 | 01 08 04 03
  [3] t= 1.896 len= 4 | 01 08 05 00
  [3] t= 1.912 len= 4 | 01 08 03 03
  [3] t= 1.936 len= 4 | 01 08 03 00
  [3] t= 1.952 len= 4 | 01 08 03 04
  [3] t= 1.976 len= 4 | 01 08 03 00
  [3] t= 1.992 len= 4 | 01 08 03 00
  [3] t= 2.012 len= 4 | 01 08 03 03
  [3] t= 2.032 len= 4 | 01 08 00 00
  [3] t= 2.052 len= 4 | 01 08 03 00
  [3] t= 2.072 len= 4 | 01 08 00 00
  [3] t= 2.092 len= 4 | 01 08 00 00
  [3] t= 2.108 len= 4 | 01 08 00 00
  [3] t= 2.137 len= 4 | 01 08 00 00
  [3] t= 2.152 len= 4 | 01 08 00 00
  [3] t= 2.189 len= 4 | 01 08 00 00
  [3] t= 2.190 len= 4 | 01 08 00 00
  [3] t= 2.219 len= 4 | 01 08 00 00
  [3] t= 2.235 len= 4 | 01 08 00 00
  [3] t= 2.248 len= 4 | 01 08 00 00
  [3] t= 2.264 len= 4 | 01 08 00 00
  [3] t= 2.288 len= 4 | 01 08 00 00
  [3] t= 2.304 len= 4 | 01 08 00 00
  [3] t= 2.328 len= 4 | 01 08 00 03
  [3] t= 2.344 len= 4 | 01 08 00 00
  [3] t= 2.370 len= 4 | 01 08 00 00
  [3] t= 2.395 len= 4 | 01 08 00 00
  [3] t= 2.411 len= 4 | 01 08 00 00
  [3] t= 2.421 len= 4 | 01 08 00 00
  [3] t= 2.445 len= 4 | 01 08 00 00
  [3] t= 2.461 len= 4 | 01 08 00 00
  [3] t= 2.486 len= 4 | 01 08 00 00
  [3] t= 2.500 len= 4 | 01 08 00 00
  [3] t= 2.520 len= 4 | 01 08 00 00
  [3] t= 2.539 len= 4 | 01 08 00 00
  [3] t= 2.560 len= 4 | 01 08 00 00
  [3] t= 2.576 len= 4 | 01 08 00 00
  [3] t= 2.600 len= 4 | 01 08 00 00
  [3] t= 2.624 len= 4 | 01 08 00 00
  [3] t= 2.647 len= 4 | 01 08 00 00
  [3] t= 2.660 len= 4 | 01 08 00 00
  [3] t= 2.678 len= 4 | 01 08 00 00
  [3] t= 2.698 len= 4 | 01 08 00 00
  [3] t= 2.720 len= 4 | 01 08 00 00
  [3] t= 2.732 len= 4 | 01 08 00 00
  [3] t= 2.767 len= 4 | 01 08 00 00
  [3] t= 2.781 len= 4 | 01 08 00 00
  [3] t= 2.795 len= 4 | 01 08 00 00
  [3] t= 2.819 len= 4 | 01 08 00 00
  [3] t= 2.832 len= 4 | 01 08 00 00
  [3] t= 2.851 len= 4 | 01 08 00 00
  [3] t= 2.879 len= 4 | 01 08 00 00
  [3] t= 2.894 len= 4 | 01 08 00 00
  [3] t= 2.919 len= 4 | 01 08 00 00
  [3] t= 2.931 len= 4 | 01 08 00 00
  [3] t= 2.949 len= 4 | 01 08 00 00
  [3] t= 2.975 len= 4 | 01 08 00 00
  [3] t= 2.988 len= 4 | 01 08 00 00
  [3] t= 3.004 len= 4 | 01 08 00 00
  [3] t= 3.028 len= 4 | 01 08 00 00
  [3] t= 3.044 len= 4 | 01 08 00 00
  [3] t= 3.068 len= 4 | 01 08 00 00
  [3] t= 3.084 len= 4 | 01 08 00 00
  [3] t= 3.104 len= 4 | 01 08 00 00
  [3] t= 3.131 len= 4 | 01 08 00 00
  [3] t= 3.151 len= 4 | 01 08 00 00
  [3] t= 3.170 len= 4 | 01 08 00 00
  [3] t= 3.198 len= 4 | 01 08 00 00
  [3] t= 3.215 len= 4 | 01 08 00 00
  [3] t= 3.224 len= 4 | 01 08 00 00
  [3] t= 3.240 len= 4 | 01 08 00 00
  [3] t= 3.261 len= 4 | 01 08 00 00
  [3] t= 3.280 len= 4 | 01 08 00 FD
  [3] t= 3.300 len= 4 | 01 08 00 00
  [3] t= 3.316 len= 4 | 01 08 00 00
  [3] t= 3.340 len= 4 | 01 08 00 00
  [3] t= 3.356 len= 4 | 01 08 00 00
  [3] t= 3.380 len= 4 | 01 08 00 00
  [3] t= 3.396 len= 4 | 01 08 00 00
  [3] t= 3.416 len= 4 | 01 08 00 00
  [3] t= 3.436 len= 4 | 01 08 00 00
  [3] t= 3.456 len= 4 | 01 08 00 00
  [3] t= 3.478 len= 4 | 01 08 00 00
  [3] t= 3.496 len= 4 | 01 08 00 00
  [3] t= 3.512 len= 4 | 01 08 00 00
  [3] t= 3.536 len= 4 | 01 08 00 00
  [3] t= 3.551 len= 4 | 01 08 00 00
  [3] t= 3.572 len= 4 | 01 08 00 00
  [3] t= 3.592 len= 4 | 01 08 00 00
  [3] t= 3.612 len= 4 | 01 08 00 00
  [3] t= 3.631 len= 4 | 01 08 00 00
  [3] t= 3.669 len= 4 | 01 08 00 00
  [3] t= 3.687 len= 4 | 01 08 00 00
  [3] t= 3.702 len= 4 | 01 08 00 00
  [3] t= 3.719 len= 4 | 01 08 00 00
  [3] t= 3.728 len= 4 | 01 08 00 00
  [3] t= 3.748 len= 4 | 01 08 00 00
  [3] t= 3.768 len= 4 | 01 08 00 00
  [3] t= 3.784 len= 4 | 01 08 00 00
  [3] t= 3.809 len= 4 | 01 08 00 00
  [3] t= 3.824 len= 4 | 01 08 00 00
  [3] t= 3.848 len= 4 | 01 08 00 00
  [3] t= 3.869 len= 4 | 01 08 00 00
  [3] t= 3.894 len= 4 | 01 08 00 00
  [3] t= 3.912 len= 4 | 01 08 00 00
  [3] t= 3.930 len= 4 | 01 08 00 00
  [3] t= 3.946 len= 4 | 01 08 00 00
  [3] t= 3.979 len= 4 | 01 08 00 00
  [3] t= 3.989 len= 4 | 01 08 00 00
  [3] t= 4.004 len= 4 | 01 08 00 00
  [3] t= 4.020 len= 4 | 01 08 00 00
  [3] t= 4.040 len= 4 | 01 08 00 00
  [3] t= 4.060 len= 4 | 01 08 00 00
  [3] t= 4.080 len= 4 | 01 08 00 00
  [3] t= 4.096 len= 4 | 01 08 00 00
  [3] t= 4.129 len= 4 | 01 08 00 00
  [3] t= 4.143 len= 4 | 01 08 00 00
  [3] t= 4.172 len= 4 | 01 08 00 00
  [3] t= 4.187 len= 4 | 01 08 00 00
  [3] t= 4.207 len= 4 | 01 08 00 00
  [3] t= 4.220 len= 4 | 01 08 00 00
  [3] t= 4.238 len= 4 | 01 08 00 00
  [3] t= 4.256 len= 4 | 01 08 00 00
  [3] t= 4.276 len= 4 | 01 08 00 00
  [3] t= 4.292 len= 4 | 01 08 00 00
  [3] t= 4.316 len= 4 | 01 08 00 00
  [3] t= 4.332 len= 4 | 01 08 00 00
  [3] t= 4.352 len= 4 | 01 08 00 00
  [3] t= 4.372 len= 4 | 01 08 00 00
  [3] t= 4.392 len= 4 | 01 08 00 00
  [3] t= 4.412 len= 4 | 01 08 00 00
  [3] t= 4.432 len= 4 | 01 08 00 00
  [3] t= 4.448 len= 4 | 01 08 00 00
  [3] t= 4.471 len= 4 | 01 08 00 00
  [3] t= 4.487 len= 4 | 01 08 00 00
  [3] t= 4.523 len= 4 | 01 08 00 00
  [3] t= 4.534 len= 4 | 01 08 00 00
  [3] t= 4.557 len= 4 | 01 08 00 00
  [3] t= 4.569 len= 4 | 01 08 00 00
  [3] t= 4.602 len= 4 | 01 08 00 00
--- Captured 202 reports ---

============================================================
TEST: ALL BUTTONS
Instruction: Premi tutti e 4 i bottoni insieme. NON toccare.
============================================================
  [3] t= 0.000 len= 4 | 01 00 00 00
  [3] t= 0.595 len= 4 | 01 08 00 00
  [3] t= 0.776 len= 4 | 01 18 00 00
  [3] t= 1.055 len= 4 | 01 1A 00 00
  [3] t= 1.525 len= 4 | 01 1B 00 00
--- Captured 5 reports ---